Number	Name	Low Level	High Level
1.0	Route 1	Land	
0.0	16	2	5
0.0	19	2	4
2.0	Route 2	Land	
0.0	10	3	5
0.0	16	3	5
0.0	19	2	5
3.0	Route 3	Land	
0.0	16	6	8
0.0	21	5	8
0.0	39	3	7
4.0	Route 4	Land	
0.0	19	8	12
0.0	21	8	12
0.0	27	6	12
0.0	129	5	5	
0.0	60	10	10
0.0	118	10	10
0.0	54	15	15
0.0	98	15	15
0.0	118	15	15
5.0	Route 5	Land	
0.0	16	13	16
0.0	52	10	16
0.0	69	13	16
6.0	Route 6	Land	
0.0	16	13	16
0.0	52	10	16
0.0	69	13	16
0.0	129	5	5	
0.0	60	10	10
0.0	118	10	10	
0.0	90	15	15
0.0	98	15	15
7.0	Route 7	Land	
0.0	16	19	22
0.0	37	18	20
0.0	52	17	20
0.0	69	19	22
8.0	Route 8	Land	
0.0	16	18	20
0.0	27	17	19
0.0	37	15	18
0.0	52	18	20
9.0	Route 9	Land	
0.0	19	14	17
0.0	21	13	17
0.0	27	11	17
10.0	Route 10	Land	
0.0	21	13	17
0.0	27	11	17
0.0	100	14	17
0.0	129	5	5	
0.0	60	10	10
0.0	118	10	10	
0.0	61	23	23
0.0	79	15	15
11.0	Route 11	Land	
0.0	21	13	17
0.0	27	12	15
0.0	96	9	15
0.0	129	5	5	
0.0	60	10	10
0.0	118	10	10	
0.0	90	15	15
0.0	98	15	15
12.0	Route 12	Land	
0.0	16	23	27
0.0	48	24	26
0.0	69	22	26
0.0	70	28	30
0.0	129	5	5	
0.0	60	10	10
0.0	118	10	10	
0.0	72	5	5
0.0	98	15	15
0.0	118	15	15
0.0	129	15	15
13.0	Route 13	Land	
0.0	16	25	27
0.0	48	24	26
0.0	69	22	26
0.0	70	28	30
0.0	132	25	25
0.0	129	5	5	
0.0	60	10	10
0.0	118	10	10	
0.0	72	5	5
0.0	98	15	15
0.0	118	15	15
0.0	129	15	15
14.0	Route 14	Land	
0.0	16	26	26
0.0	17	28	30
0.0	48	24	26
0.0	69	22	26
0.0	70	30	30
0.0	132	23	23
0.0	129	5	5	
0.0	60	10	10
0.0	118	10	10
15.0	Route 15	Land	
0.0	16	23	23
0.0	17	28	30
0.0	48	26	28
0.0	69	22	26
0.0	70	30	30
0.0	132	26	26
16.0	Route 16	Land	
0.0	19	18	22
0.0	20	23	25
0.0	21	20	22
0.0	84	18	22
17.0	Route 17	Land	
0.0	20	25	29
0.0	21	20	22
0.0	22	25	27
0.0	84	24	28
0.0	129	5	5	
0.0	60	10	10
0.0	118	10	10
0.0	72	5	5
0.0	98	15	15
0.0	118	15	15
0.0	129	15	15
18.0	Route 18	Land	
0.0	20	25	29
0.0	21	20	22
0.0	22	25	27
0.0	84	24	28
0.0	129	5	5	
0.0	60	10	10
0.0	118	10	10	
0.0	72	5	5
0.0	98	15	15
0.0	118	15	15
0.0	129	15	15
0.0	129	5	5	
0.0	60	10	10
0.0	118	10	10	
0.0	90	15	15
0.0	116	15	15
0.0	118	15	15
0.0	120	15	15
0.0	72	5	40
0.0	129	5	5	
0.0	60	10	10
0.0	118	10	10
0.0	90	15	15
0.0	116	15	15
0.0	118	15	15
0.0	120	15	15
0.0	72	5	40
21.0	Route 21	Land	
0.0	16	21	23
0.0	17	30	32
0.0	19	21	23
0.0	20	30	30
0.0	114	28	32
0.0	129	5	5	
0.0	60	10	10
0.0	118	10	10
0.0	90	15	15
0.0	116	15	15
0.0	118	15	15
0.0	120	15	15	
0.0	72	5	40
22.0	Route 22	Land	
0.0	19	2	4
0.0	21	3	5
0.0	29	2	4
0.0	32	3	4
0.0	129	5	5	
0.0	60	10	10
0.0	118	10	10
0.0	60	15	15
0.0	118	15	15
23.0	Route 23	Land	
0.0	21	26	26
0.0	22	38	43
0.0	27	26	26
0.0	28	41	41
0.0	132	33	43
0.0	129	5	5	
0.0	60	10	10
0.0	118	10	10	
0.0	80	23	23
0.0	99	23	23
0.0	117	23	23
0.0	119	23	23
24.0	Route 24	Land	
0.0	10	7	7
0.0	11	8	8
0.0	16	12	13
0.0	63	8	12
0.0	69	12	14
0.0	129	5	5	
0.0	60	10	10
0.0	118	10	10	
0.0	54	15	15
0.0	98	15	15
0.0	118	15	15
25.0	Route 25	Land	
0.0	10	8	8
0.0	11	9	9
0.0	13	8	8
0.0	14	7	7
0.0	16	13	13
0.0	63	10	12
0.0	69	12	14
0.0	129	5	5
0.0	60	10	10
0.0	118	10	10	
0.0	54	15	15
0.0	98	15	15
0.0	118	15	15
26.0 0 0 0